49
69
11
21
39
32
57
42
15
97
96
72
47
14
46
26
47
88
27
58
19
37
59
8
93
45
80
55
52
63
24
20
38
72
15
80
81
31
68
5
99
56
10
58
4
74
29
9
37
89
29
25
54
2
12
95
79
42
26
85
49
82
2
73
32
74
71
100
89
63
90
62
40
41
37
72
53
26
39
64
21
94
27
77
100
43
61
21
35
66
10
2
69
15
23
94
2
82
76
45
65
32
19
17
19
35
6
56
86
61
29
35
71
13
73
76
17
67
50
4
14
74
29
96
77
37
76
75
90
72
45
20
50
62
93
88
25
46
48
60
30
96
25
9
14
2
44
14
79
72
91
73
9
82
85
79
76
20
5
90
35
3
53
22
79
43
57
48
99
59
32
42
14
24
96
7
4
54
87
84
60
94
38
30
70
9
58
96
17
91
87
57
81
19
96
8
38
63
60
86
69
58
35
22
39
3
67
48
94
89
100
52
44
75
70
93
25
34
16
95
41
60
34
69
13
86
2
29
36
84
84
42
85
71
46
98
85
91
83
26
46
85
33
41
14
85
75
71
46
39
16
74
93
81
71
88
31
21
65
13
38
25
9
42
35
39
4
52
31
14
6
3
18
70
60
100
12
33
71
44
4
7
78
31
93
68
51
79
27
61
14
48
30
6
3
9
31
50
43
75
74
75
33
38
2
80
98
50
29
55
60
85
20
90
14
35
43
6
37
37
2
89
65
34
57
11
74
40
77
6
38
82
2
67
24
86
89
56
16
97
50
44
78
73
22
31
53
24
74
76
36
10
83
2
60
87
79
5
39
10
30
44
99
1
18
78
31
54
53
79
55
62
63
61
95
83
56
57
82
84
18
65
87
90
84
12
2
100
75
72
8
94
3
23
82
82
75
95
52
24
94
32
100
64
23
31
5
53
82
13
2
93
22
51
46
15
22
19
25
60
69
86
41
9
43
72
70
55
51
44
44
95
46
47
82
41
53
46
19
84
27
65
54
27
40
62
56
74
23
68
68
13
44
46
31
10
17
27
63
26
32
4
60
78
5
47
42
98
91
83
92
22
35
98
11
30
77
39
1
97
53
16
21
27
76
7
64
6
16
86
65
11
63
56
67
72
29
6
42
57
21
24
99
84
53
77
83
4
49
6
74
31
40
87
64
76
51
61
1
41
83
82
45
66
45
35
58
9
3
91
27
8
65
3
20
99
98
100
83
30
41
78
19
82
89
36
62
35
52
49
78
50
17
28
25
61
14
50
5
44
13
47
13
46
89
60
90
9
69
97
38
48
69
38
21
44
90
10
65
35
65
75
6
47
21
75
20
61
23
32
6
28
77
52
6
38
5
99
10
30
15
44
3
9
80
65
82
45
36
56
92
7
94
48
8
69
60
42
80
91
3
50
4
21
79
30
70
91
23
4
32
34
27
21
69
54
100
51
78
26
21
58
23
2
8
29
32
93
18
65
18
61
17
58
93
69
66
48
95
34
36
67
76
51
76
96
94
73
1
30
58
40
43
21
64
82
49
52
9
59
46
39
35
80
21
58
64
32
92
72
89
45
88
58
80
40
80
5
38
13
86
62
14
63
46
33
9
37
7
95
22
86
51
56
29
4
69
81
3
25
42
84
33
20
17
9
97
36
60
65
42
95
56
76
89
82
57
93
71
50
29
17
38
11
42
27
37
63
92
43
72
15
26
68
10
57
50
14
71
84
40
62
93
34
33
19
82
51
50
86
70
12
61
93
81
56
42
76
61
71
38
32
80
70
62
80
37
30
46
31
49
86
94
66
70
23
84
38
94
59
68
2
92
62
3
46
34
25
42
58
32
86
70
67
27
35
77
74
13
88
77
63
65
60
19
53
41
61
25
14
45
56
67
97
4
86
8
11
75
87
10
88
91
35
79
61
58
70
6
8
39
94
22
78
26
66
80
58
49
93
16
74
63
67
98
64
59
74
69
53
21
89
95
23
25
29
18
55
97
59
7
83
82
23
37
84
25
55
13
57
38
11
97
25
11
94
98
89
87
55
95
22
20
48
42
88
7
50
63
71
58
16
22
49
61
96
46
96
15
78
53
78
39
72
87
12
5
25
66
8
7
98
64
100
60
84
90
68
64
71
55
92
57
39
17
32
89
91
89
6
34
17
65
79
20
98
91
37
34
1
75
49
8
21
38
11
16
38
40
25
71
83
10
8
60
18
24
53
7
95
27
99
23
71
91
85
32
40
42
5
47
22
23
16
33
33
59
29
53
65
35
4
6
38
22
35
43
43
62
55
13
33
29
71
34
29
44
75
55
13
52
71
74
10
32
57
32
89
90
65
76
72
59
83
82
30
67
30
37
76
25
44
8
79
90
13
4
13
22
1
25
70
78
57
50
35
55
27
30
79
82
70
5
91
41
73
84
21
61
50
46
62
87
37
66
30
5
53
66
2
40
69
49
30
57
29
87
15
68
13
52
79
20
10
57
84
86
95
22
18
27
48
27
65
30
91
81
24
96
41
38
23
37
40
71
62
69
96
75
57
91
33
47
35
88
82
43
39
14
8
15
56
15
99
20
85
78
37
34
24
84
84
28
91
60
19
24
99
86
49
99
41
9
90
82
83
59
77
92
59
71
95
44
7
4
51
31
82
47
37
97
69
39
39
6
99
44
52
67
89
10
59
45
77
44
51
52
38
26
75
70
60
90
51
74
7
35
31
42
83
25
33
65
9
7
64
45
95
74
24
74
22
2
66
46
87
66
50
57
5
71
16
94
47
19
11
31
13
59
55
13
15
34
98
5
75
81
91
8
9
74
56
61
15
7
46
21
70
38
44
28
64
33
63
60
46
50
8
19
4
91
6
51
64
48
76
29
91
