14
35
23
18
46
7
12
73
19
38
46
59
15
30
26
88
84
86
55
3
84
100
31
41
12
64
100
32
53
58
73
8
30
89
66
58
42
59
80
35
59
69
100
59
37
48
54
84
96
48
16
65
81
12
90
100
38
77
66
91
60
100
59
91
64
48
40
2
44
11
60
88
48
54
16
24
93
50
21
89
50
38
91
43
97
2
45
96
63
95
35
30
5
17
20
61
81
58
38
97
69
34
93
98
44
61
40
7
12
10
93
26
80
23
81
50
61
96
47
19
32
24
32
53
85
17
4
52
69
74
75
33
67
96
86
56
55
40
33
12
31
16
13
24
18
39
55
45
75
68
80
11
42
84
62
74
64
70
58
97
87
6
17
44
64
22
79
41
85
68
11
36
46
88
4
61
42
85
93
3
15
45
3
70
14
77
75
63
17
32
59
17
4
89
87
90
18
57
49
82
92
57
22
54
100
76
59
61
57
23
46
61
86
11
76
23
23
68
32
23
68
5
42
85
10
92
24
81
68
20
45
88
2
36
3
59
19
28
22
63
90
5
89
88
18
17
3
8
98
23
42
82
36
27
80
35
19
22
63
84
77
34
58
53
99
16
43
48
18
90
78
64
75
39
71
36
79
75
30
22
80
49
19
87
88
42
58
61
82
75
41
4
93
39
86
90
90
67
38
77
95
94
94
25
15
56
77
98
35
42
45
3
77
78
11
41
69
98
7
51
84
77
64
5
8
86
98
54
19
53
60
84
66
97
65
58
68
15
18
31
44
98
32
17
25
17
42
36
87
21
87
77
71
78
6
20
56
10
34
6
20
12
79
26
3
50
16
52
62
88
9
100
50
56
74
69
80
38
1
86
35
38
3
19
27
86
66
97
84
86
96
91
80
27
65
1
76
24
100
85
95
24
68
59
83
100
5
34
90
38
98
6
56
95
53
94
80
55
41
76
1
25
93
2
59
85
98
26
45
17
73
88
63
44
71
96
9
2
59
57
84
69
46
4
77
67
37
13
28
99
75
61
70
85
79
36
82
16
26
20
25
61
85
81
57
32
82
85
97
5
86
50
98
46
27
21
20
80
24
10
61
65
82
24
3
12
75
86
15
88
21
3
6
96
53
12
34
84
4
89
14
69
97
52
43
100
3
42
3
47
74
7
70
1
39
46
40
17
6
56
20
9
5
85
58
67
85
61
1
17
49
29
100
21
52
92
64
22
86
78
24
63
13
70
15
92
61
22
19
66
36
19
44
62
81
32
52
7
72
80
28
71
97
38
91
75
10
54
29
6
41
92
31
89
93
93
78
66
12
20
36
68
16
74
41
40
61
33
59
68
60
51
19
37
51
14
86
92
51
90
90
6
62
43
86
15
41
64
86
21
93
52
47
10
54
22
14
76
85
57
10
17
94
66
75
91
72
13
100
8
72
87
62
67
19
61
13
51
100
60
42
76
51
78
99
23
82
31
8
35
76
79
68
31
20
32
34
31
72
13
81
98
38
24
11
10
37
29
51
58
86
35
11
84
97
98
13
44
8
67
37
31
95
20
36
92
57
11
2
93
3
4
28
82
32
22
16
62
59
68
91
9
44
28
45
33
69
59
64
39
79
99
94
83
32
64
95
94
56
30
4
34
1
48
67
38
11
47
28
72
63
65
30
40
76
5
99
32
24
3
81
39
62
33
21
3
3
26
23
12
51
84
16
52
26
53
27
17
42
9
61
91
49
72
61
26
6
87
76
30
4
37
81
14
23
61
48
25
8
74
53
79
94
77
38
45
13
57
18
45
95
90
2
57
45
34
9
15
48
49
57
30
52
60
95
74
91
22
88
31
98
47
85
60
37
87
11
28
55
18
80
41
57
53
98
8
43
59
85
53
33
80
36
36
77
35
17
83
90
53
14
49
72
76
61
19
39
70
41
30
86
44
25
27
93
19
49
11
3
12
78
46
35
49
36
5
31
35
69
4
21
5
72
60
36
92
1
66
77
61
57
46
74
68
12
26
93
5
55
10
59
90
10
70
50
19
42
76
95
20
37
32
85
