14
63
92
77
70
40
69
38
54
56
55
2
77
92
48
94
90
2
71
9
15
9
43
69
80
26
91
68
57
52
76
43
29
27
81
28
9
38
17
14
78
67
20
41
71
45
80
97
34
72
48
83
79
90
34
47
66
41
94
52
59
81
1
26
24
68
58
82
56
1
38
98
14
73
39
68
87
33
18
43
11
82
54
61
48
42
26
27
20
71
29
14
2
1
100
32
18
92
45
10
27
76
18
38
42
43
42
53
48
26
82
90
35
46
9
37
20
98
42
91
78
5
78
53
91
38
6
26
32
64
63
20
76
65
26
21
23
99
18
60
87
11
35
66
26
56
94
29
27
60
92
23
82
67
68
79
76
45
41
40
52
32
41
52
99
27
69
34
58
34
90
86
10
55
85
98
88
39
53
38
21
22
87
31
6
88
18
67
36
100
13
45
70
5
44
53
77
22
58
34
45
7
78
94
24
57
70
84
67
64
13
84
86
53
41
59
15
56
78
70
94
58
8
86
81
32
66
92
83
43
88
44
86
32
96
49
54
73
16
20
100
45
38
80
2
5
6
61
4
2
80
21
96
100
37
61
76
70
49
7
84
76
21
14
19
95
68
89
89
47
21
61
82
93
68
53
95
52
90
13
29
89
47
42
41
60
8
19
98
20
37
44
44
78
28
42
47
71
74
74
88
87
80
72
31
21
79
76
52
8
91
60
61
88
82
81
7
25
32
97
87
28
74
68
17
21
14
43
24
50
54
100
77
42
44
98
45
92
93
66
58
77
86
11
90
34
68
92
93
35
90
85
44
21
47
63
59
28
41
3
82
20
52
17
27
86
95
100
22
11
21
95
56
58
35
63
37
54
76
75
96
43
38
8
84
87
60
18
12
49
34
15
97
22
95
1
50
28
26
38
30
94
57
25
41
23
6
97
62
70
18
32
38
11
50
19
60
56
100
95
100
94
96
68
78
84
12
8
51
28
11
39
92
30
79
100
7
50
9
54
90
59
34
93
64
16
29
62
5
47
29
43
38
94
52
6
71
53
8
49
85
70
63
73
27
80
67
72
66
53
44
5
29
86
3
41
43
84
13
88
27
94
38
7
24
69
28
26
50
34
8
79
75
45
32
97
83
75
70
65
60
25
42
38
51
18
45
17
78
31
83
22
87
92
49
46
19
91
35
75
37
100
54
13
59
77
40
53
88
24
26
67
34
4
75
43
54
34
63
70
96
10
88
36
76
10
1
15
54
98
2
50
70
60
81
54
15
70
92
42
55
95
54
73
64
66
98
14
5
2
72
81
56
65
38
42
95
90
52
30
83
62
98
27
63
33
88
83
85
12
66
50
59
98
97
78
16
62
50
63
35
11
59
33
25
78
53
4
92
62
3
15
66
69
37
8
10
40
28
99
93
11
53
12
83
37
18
52
20
91
75
55
8
73
15
74
49
86
98
98
12
41
80
83
49
59
2
30
80
74
79
8
59
8
85
87
57
31
63
35
47
73
76
96
58
48
7
97
84
30
67
29
56
59
43
30
18
12
60
75
17
68
67
26
95
20
9
24
59
66
83
51
8
46
39
80
75
49
94
34
98
86
49
32
77
31
12
50
81
33
44
50
83
91
53
15
59
8
90
16
25
66
41
15
36
4
10
61
9
84
96
7
30
31
89
37
51
47
14
68
8
81
77
59
19
84
95
1
39
27
27
50
68
29
69
29
34
100
65
41
96
61
35
5
99
38
34
29
23
68
78
3
39
49
94
71
9
25
69
90
39
24
48
78
42
94
22
91
83
99
4
93
60
82
41
56
1
12
40
64
10
17
64
96
5
85
99
59
25
61
15
71
72
23
86
45
7
9
8
4
43
26
45
6
55
93
30
82
99
99
62
47
88
10
55
80
31
50
7
59
10
33
71
21
36
84
20
81
52
9
81
68
76
43
11
38
41
43
68
89
79
54
37
77
31
76
49
44
97
62
61
22
24
30
18
47
1
56
7
60
38
58
34
94
16
19
13
92
44
76
11
5
62
56
63
56
32
56
92
33
39
80
56
93
27
54
8
13
33
59
50
56
70
26
96
31
44
100
79
3
96
40
24
17
42
85
59
84
84
79
63
100
64
15
47
28
97
81
53
38
94
57
81
3
69
23
73
40
90
19
29
44
45
47
74
62
46
35
100
35
68
78
32
72
73
55
2
38
27
81
36
48
76
52
19
61
55
39
74
14
13
23
56
70
70
21
21
21
1
85
89
51
95
74
23
46
30
35
45
22
47
88
28
42
31
29
69
82
96
4
1
67
54
7
31
86
7
8
18
35
46
92
3
82
49
67
88
80
13
37
97
60
73
64
16
64
8
97
81
17
85
77
1
3
76
39
89
37
11
89
62
69
22
67
10
16
60
80
32
38
31
85
49
92
78
21
71
28
87
66
62
95
19
1
51
81
62
19
5
43
29
7
95
52
54
30
34
77
15
63
46
45
33
99
47
58
21
50
78
95
51
75
48
32
22
88
86
74
38
24
2
22
22
44
29
12
75
44
36
21
47
38
26
17
50
83
87
84
94
56
28
73
83
55
10
69
100
34
27
87
94
79
87
16
32
40
12
4
11
73
17
1
75
21
51
28
21
44
85
19
24
61
53
45
1
47
50
11
59
91
95
73
92
98
95
29
48
15
65
45
63
69
46
22
32
1
19
7
100
78
22
77
52
15
7
10
91
39
59
41
67
16
76
26
76
54
77
88
5
51
43
52
35
18
82
95
48
54
5
30
53
50
36
6
85
9
62
13
90
30
95
69
18
69
12
33
38
92
50
59
84
77
30
15
47
100
56
50
7
29
68
13
80
100
53
81
87
6
11
55
3
53
77
17
13
66
80
30
5
21
9
75
73
3
38
41
5
66
52
19
99
11
4
87
41
22
12
96
25
9
31
10
75
91
99
49
57
12
33
56
15
83
23
39
10
6
87
96
71
47
56
40
27
26
55
27
82
76
31
83
41
32
75
40
99
44
93
28
14
27
45
28
66
33
49
79
71
61
50
43
56
60
68
73
32
26
46
12
4
22
84
31
41
90
92
96
42
50
15
60
15
71
37
39
89
48
16
79
27
95
12
21
58
72
2
2
80
29
46
51
54
36
69
79
97
44
34
13
47
80
38
2
7
66
18
27
72
72
34
1
92
86
80
35
3
23
26
18
65
16
23
24
66
39
8
76
9
8
57
50
7
49
86
55
83
60
81
82
21
20
3
87
40
21
87
5
34
44
55
7
77
11
36
17
56
16
23
39
43
97
95
26
14
71
5
48
39
39
45
79
32
10
24
32
98
45
53
30
11
54
50
15
85
13
16
91
83
64
43
23
16
2
82
96
87
42
1
11
41
68
6
77
77
53
61
44
39
74
32
70
39
38
88
83
12
94
70
9
97
74
97
26
55
34
86
3
28
21
65
25
74
24
100
38
14
74
14
9
70
67
65
57
62
84
75
11
84
5
60
85
62
30
