69
25
69
7
80
20
62
75
39
28
50
19
63
88
54
34
17
84
95
98
97
28
90
86
85
94
73
68
14
47
52
61
76
20
17
99
34
23
84
6
91
19
15
57
63
38
93
9
89
62
32
12
87
17
79
92
65
15
39
82
72
68
84
26
59
7
92
91
16
70
51
68
13
31
11
5
61
22
43
75
57
3
35
67
46
7
30
14
18
40
78
80
74
6
61
4
79
6
13
12
55
58
43
44
42
49
53
91
3
11
75
75
9
82
88
57
94
6
94
24
81
36
74
94
44
7
67
62
28
33
57
13
78
24
55
4
9
35
4
20
80
80
72
43
39
84
1
28
90
40
81
25
96
2
35
47
55
71
74
85
92
14
13
44
50
49
82
65
11
53
93
81
85
88
20
59
86
83
73
59
33
46
36
38
93
78
51
5
78
35
9
35
40
34
20
74
97
9
43
36
31
15
15
64
45
37
68
55
66
62
64
57
34
66
69
71
49
85
16
16
37
30
83
33
56
29
9
51
75
42
26
53
54
98
75
61
80
5
63
3
97
65
59
59
29
42
83
70
43
37
52
39
88
71
90
60
33
81
2
95
29
59
17
20
56
11
81
37
94
53
49
12
50
93
58
19
22
48
75
66
90
76
84
22
11
95
44
8
30
54
45
82
90
65
81
82
56
91
93
64
81
95
70
80
56
40
28
90
99
17
14
64
30
6
59
51
90
91
18
74
40
11
59
49
89
42
22
61
85
45
96
67
66
15
40
70
47
18
48
48
35
36
53
59
59
54
94
88
30
32
91
6
49
78
94
40
12
7
51
41
25
3
19
18
76
8
37
4
89
32
34
2
7
85
90
58
37
4
73
93
1
73
83
76
52
53
36
62
99
8
43
25
1
13
65
63
70
78
42
57
59
82
95
8
66
50
1
58
50
46
70
57
74
5
67
53
66
15
31
78
63
74
26
61
5
82
60
74
70
72
39
23
22
18
80
64
33
57
6
64
84
41
93
54
79
46
3
99
36
15
60
93
7
1
51
62
95
25
47
94
29
90
53
68
26
56
9
99
76
11
88
12
18
25
80
32
55
11
26
2
83
50
12
72
30
6
16
65
15
13
40
4
41
60
29
20
6
37
59
92
46
81
61
75
7
16
53
22
4
74
66
71
34
55
22
56
73
99
21
86
87
79
79
56
12
52
96
60
24
8
53
15
74
39
24
11
5
16
33
29
77
7
84
27
61
67
51
72
70
78
68
41
93
19
68
63
89
93
45
92
65
57
61
92
87
55
20
13
51
76
23
87
82
23
89
17
12
40
71
67
72
23
33
46
68
69
99
59
29
51
8
66
32
23
78
21
23
4
11
90
74
41
95
71
35
95
66
80
58
64
52
59
53
26
71
75
5
85
27
9
30
68
68
12
26
45
11
17
47
1
41
54
78
18
34
80
62
46
93
49
98
94
93
92
59
66
47
23
30
6
94
5
32
63
40
52
82
22
20
37
13
29
97
22
49
81
12
52
41
30
52
82
53
38
32
14
89
24
24
66
92
8
5
2
80
40
91
91
1
21
74
57
4
63
75
64
42
42
47
70
73
88
96
39
54
35
37
28
97
94
32
1
46
4
20
3
14
50
33
22
94
49
18
63
66
37
71
22
45
100
34
10
41
46
33
50
71
3
39
86
96
33
12
55
15
99
31
87
55
50
97
35
43
77
72
22
80
24
18
53
48
39
7
72
51
8
58
28
93
71
12
5
24
65
52
87
71
53
14
49
34
96
34
67
35
9
90
30
70
32
91
81
34
16
48
37
82
61
66
36
59
55
22
89
8
27
91
25
60
19
53
25
19
34
33
21
60
65
16
19
47
71
77
55
6
29
80
91
3
42
1
38
24
59
31
44
54
54
73
100
42
54
77
32
64
71
15
30
75
43
41
45
5
39
2
93
58
98
8
6
3
12
27
46
33
11
62
39
71
41
26
90
74
69
88
39
63
42
60
63
42
63
32
58
72
87
81
74
80
48
25
85
54
44
87
62
53
35
9
6
46
70
13
77
96
9
87
57
80
42
25
97
96
81
100
3
89
25
45
73
75
43
13
61
34
70
33
60
38
51
41
46
84
56
56
39
51
7
26
57
14
84
52
77
33
58
56
87
83
53
18
16
95
5
15
16
29
18
68
35
42
64
10
58
15
98
98
80
87
83
9
48
19
12
70
90
83
20
65
27
97
62
40
60
36
100
60
2
87
57
57
12
55
31
63
21
53
3
44
84
16
17
47
18
14
18
50
72
81
5
29
70
100
31
68
30
42
72
6
22
9
38
43
96
71
49
11
42
59
53
5
68
99
5
1
4
7
32
12
85
29
89
72
1
47
43
42
50
68
74
46
88
1
28
22
72
65
32
96
32
10
46
54
78
39
100
62
47
18
97
85
15
21
62
2
37
88
97
2
4
77
93
37
42
59
1
23
55
73
33
87
92
87
66
37
48
74
1
62
22
35
70
64
45
51
81
24
85
45
43
61
92
61
15
94
34
56
96
49
29
98
42
17
13
52
100
96
51
47
53
32
34
71
96
46
52
31
42
92
48
95
40
80
97
56
5
7
9
62
28
1
70
27
82
42
73
46
39
48
100
15
48
32
39
90
63
23
26
98
92
70
10
19
48
45
9
84
7
14
68
18
94
19
25
77
39
9
29
14
59
77
90
49
