87
5
51
67
21
54
20
3
92
87
76
19
31
12
87
17
40
51
81
59
80
74
93
76
42
57
48
52
42
93
95
92
12
68
87
40
27
70
51
49
92
39
77
9
51
92
50
67
62
32
29
26
6
96
12
5
38
100
17
9
70
15
24
38
51
21
88
44
82
90
37
59
66
31
28
16
63
8
48
90
34
26
34
16
44
46
10
41
35
22
37
14
90
7
89
55
23
16
54
35
85
15
97
58
74
48
49
2
30
66
1
56
21
11
99
94
67
10
37
34
26
9
13
37
54
3
77
79
54
22
24
5
45
27
23
29
24
62
7
94
4
29
80
78
3
76
37
54
94
81
56
31
59
73
53
18
37
33
72
15
64
44
49
55
61
60
5
64
28
8
4
7
6
36
13
39
3
47
92
46
26
8
66
10
34
51
59
57
71
53
13
3
99
69
52
88
98
1
10
91
25
43
5
95
84
90
37
46
66
8
89
40
29
4
75
98
71
53
45
97
59
62
21
91
57
15
64
20
20
61
64
38
22
32
34
87
57
52
43
19
21
72
51
89
79
30
77
23
58
12
54
31
66
42
82
17
50
14
52
28
93
15
11
98
60
51
58
32
5
92
53
38
19
16
42
2
78
18
35
74
27
25
76
60
59
56
66
74
19
94
73
19
66
40
8
37
53
55
42
26
27
55
46
13
21
71
43
33
71
57
91
22
31
95
79
18
45
66
43
6
71
50
22
70
85
41
85
22
46
73
61
26
95
98
44
23
62
88
10
90
72
98
89
98
58
80
52
27
23
99
38
32
89
90
34
82
26
71
67
99
15
47
93
100
99
89
97
23
44
80
75
57
55
57
36
81
5
41
100
88
27
93
26
96
54
12
11
57
23
72
11
69
93
75
89
81
64
5
94
87
12
54
6
31
85
63
43
27
74
33
92
80
92
73
90
99
46
19
89
87
84
37
13
61
100
1
7
21
26
19
79
6
96
61
55
88
8
93
58
22
49
91
49
21
76
33
57
40
62
65
98
61
65
10
38
88
48
49
100
27
33
67
44
48
88
76
77
22
4
22
2
36
83
71
41
8
64
53
6
5
30
24
61
30
23
73
38
24
43
98
28
1
2
21
44
46
17
39
54
63
60
93
15
98
79
28
45
33
80
67
86
22
93
52
45
71
6
32
56
19
92
39
60
77
80
85
33
63
20
28
90
22
78
58
95
14
34
83
43
76
14
89
73
70
46
62
50
82
12
31
21
23
9
80
31
79
98
85
15
74
30
26
55
24
32
26
71
15
60
82
98
92
71
63
55
70
81
68
84
30
86
7
79
46
2
78
85
46
35
64
31
97
28
17
85
43
60
84
26
36
95
31
70
28
16
53
10
41
15
46
26
88
80
56
36
12
90
67
42
18
66
16
70
29
42
38
65
23
24
82
21
79
82
73
48
71
28
77
18
82
60
6
86
63
78
48
8
3
68
92
1
78
100
72
97
67
42
10
2
97
29
17
21
21
1
91
18
4
26
85
5
74
15
76
61
35
4
53
35
68
52
88
5
69
49
61
22
96
38
72
80
85
55
42
5
19
27
43
85
34
9
33
62
1
97
69
94
87
73
22
52
34
36
68
79
38
25
99
15
54
100
61
79
58
55
99
16
54
20
45
55
61
35
47
75
43
31
96
35
92
94
4
23
48
51
37
36
65
59
34
25
21
93
46
89
3
40
53
32
15
31
27
14
73
79
67
47
30
55
98
44
56
39
70
39
15
29
55
81
51
81
30
29
70
83
88
9
33
77
21
66
22
82
19
83
19
59
70
55
61
69
97
77
98
16
62
6
53
16
72
41
9
50
43
30
60
67
98
73
97
71
83
77
71
73
24
73
48
44
66
73
19
33
80
1
38
50
14
19
40
78
87
68
62
7
37
88
95
39
32
13
84
68
56
46
1
33
22
40
13
62
5
6
4
81
97
7
14
59
30
99
7
40
39
70
1
50
40
37
12
44
30
59
31
85
78
53
58
61
34
90
84
72
30
93
59
10
24
90
18
25
61
92
67
65
78
72
31
21
73
14
18
86
97
93
10
72
54
50
99
90
85
45
94
100
58
57
49
59
84
74
44
20
50
39
8
4
38
6
48
74
3
78
4
66
80
21
56
6
77
65
88
77
14
10
23
5
93
80
20
56
52
28
96
18
23
93
67
83
27
36
92
32
18
98
73
64
54
13
35
10
40
3
54
44
51
97
52
33
88
90
13
92
83
93
10
6
13
81
78
33
79
56
32
24
90
96
6
35
36
47
100
98
81
24
24
88
20
88
6
86
87
71
63
64
81
15
79
83
28
82
41
46
40
38
92
28
36
56
58
95
91
34
56
66
84
59
52
94
6
21
32
46
45
99
84
8
98
59
91
13
15
22
61
47
77
32
96
28
23
29
62
22
7
61
76
63
51
8
69
90
72
24
1
42
62
80
53
72
86
4
95
57
34
100
87
35
31
85
68
81
34
96
28
47
42
49
34
87
10
70
82
32
54
63
32
15
45
92
58
17
100
72
95
53
22
54
56
26
17
92
38
10
48
48
93
71
71
48
37
92
12
71
16
2
53
67
13
66
31
52
44
11
26
99
25
54
1
54
58
35
81
14
71
11
88
73
33
92
29
60
66
20
72
46
1
35
10
63
61
68
34
28
97
92
79
42
52
24
80
5
12
96
11
17
81
67
65
62
98
37
59
51
21
21
78
56
30
20
89
81
96
86
91
24
55
67
80
62
80
43
18
14
10
9
46
17
41
13
26
54
35
87
59
50
13
89
13
44
90
20
48
100
12
98
17
25
57
57
72
62
30
42
4
47
6
98
45
22
48
16
83
51
58
94
77
8
26
52
72
27
91
21
33
89
26
31
77
88
12
4
12
67
3
47
65
98
9
24
84
36
6
38
55
89
97
63
38
7
76
63
99
40
19
44
90
57
6
5
22
92
67
66
79
28
57
42
80
4
85
76
34
50
4
100
62
93
79
61
6
32
45
2
19
85
48
39
77
51
98
3
37
97
61
49
92
9
9
43
94
37
59
74
70
9
83
62
33
9
82
2
85
3
60
89
20
65
84
90
5
17
28
59
23
76
69
9
98
93
13
53
74
83
26
95
27
14
2
46
58
7
90
44
59
92
28
45
89
40
49
66
95
51
42
19
46
29
47
66
79
38
31
89
59
47
34
22
82
93
44
75
23
13
89
25
74
89
73
97
95
34
76
67
61
26
51
24
52
68
89
36
43
31
39
42
65
89
63
74
15
84
22
52
35
15
46
3
75
20
21
73
88
21
18
80
19
75
78
16
28
25
10
63
78
90
31
88
12
11
32
69
43
19
75
91
75
57
37
36
90
4
34
37
88
24
54
70
61
47
42
15
43
55
70
55
83
57
13
57
42
33
40
54
15
82
35
98
61
36
2
49
11
92
22
60
100
7
16
34
78
77
29
63
31
88
39
10
12
63
22
21
49
32
88
98
21
99
24
71
11
1
37
28
41
19
8
24
8
10
22
42
36
59
60
44
91
68
42
11
33
28
9
7
76
36
70
48
55
100
75
55
46
52
92
22
49
68
7
67
18
74
14
11
45
24
31
72
37
1
38
5
81
45
81
14
45
35
74
93
60
50
23
31
12
26
77
54
91
77
95
46
39
25
44
38
89
47
95
49
8
61
25
81
33
68
88
10
37
70
59
29
5
2
11
21
47
81
70
65
96
51
17
69
83
86
21
75
25
19
10
52
30
1
70
23
76
48
41
4
83
2
15
2
55
42
74
100
62
40
15
34
92
66
64
87
37
31
93
26
93
6
6
6
97
89
49
30
77
48
87
21
16
85
54
1
77
23
16
94
96
63
48
38
96
31
50
41
41
42
54
13
85
94
85
100
24
44
11
25
38
14
95
31
41
93
52
48
1
12
79
68
55
40
38
11
18
67
18
8
92
24
88
73
37
8
40
59
92
1
80
8
52
75
64
15
54
74
19
9
80
8
37
93
67
8
73
42
66
20
40
5
97
78
1
63
94
19
75
86
99
99
42
46
35
70
98
99
5
57
26
62
85
83
86
59
87
18
41
16
1
88
30
97
51
99
80
32
22
86
84
18
82
14
96
62
79
31
77
50
52
24
5
93
54
9
57
22
37
99
45
50
27
88
20
99
47
69
2
61
33
74
15
14
1
6
70
61
96
93
98
69
38
88
66
90
69
21
32
96
46
8
30
9
48
7
51
90
3
67
46
76
1
59
74
24
80
20
24
38
36
44
94
28
78
60
3
51
48
35
86
9
69
25
34
18
68
15
16
100
60
40
35
9
77
8
99
21
4
94
44
42
17
44
34
88
51
69
26
11
18
64
95
73
95
37
79
9
71
18
63
49
71
81
20
43
15
86
11
93
71
54
100
78
48
80
22
86
64
4
40
44
84
90
79
44
10
30
29
10
54
81
29
90
71
3
15
27
51
57
98
91
92
52
40
15
19
22
8
94
35
74
91
99
87
96
18
47
18
50
85
73
74
11
74
100
60
21
51
20
78
26
29
9
36
3
69
68
27
39
23
2
1
25
71
64
18
88
32
68
3
87
15
63
27
12
84
79
58
88
35
32
79
76
23
7
28
93
28
19
88
78
68
98
55
76
57
60
50
95
35
98
31
90
15
63
39
72
36
76
21
6
80
29
52
72
25
94
24
56
9
10
21
26
49
62
44
43
1
53
27
87
66
64
82
9
13
44
86
46
11
85
83
19
31
44
75
12
4
19
92
7
92
21
21
75
91
5
62
85
90
44
66
10
5
63
36
99
10
92
96
15
45
16
24
67
64
73
61
13
82
8
48
33
8
99
14
25
74
49
84
65
45
41
16
38
55
97
49
85
78
55
10
10
43
97
18
27
86
16
90
98
66
88
81
89
94
55
86
15
8
21
69
49
26
8
79
65
16
3
43
77
17
44
83
23
71
37
13
61
16
63
22
68
6
52
7
16
3
82
39
37
36
19
44
67
38
77
32
74
47
35
18
65
77
81
26
2
6
69
87
9
42
87
1
10
28
21
53
56
85
87
5
100
99
42
15
33
32
18
37
33
63
99
51
71
78
83
40
66
21
62
67
49
59
74
2
36
5
86
34
62
21
93
100
51
74
6
3
99
21
94
78
94
4
9
56
42
41
58
90
65
38
63
78
93
74
95
52
9
98
4
5
31
92
49
21
33
14
65
85
90
79
16
1
95
23
81
68
96
86
90
45
35
89
57
26
8
10
58
70
70
73
52
52
18
58
7
4
65
31
5
1
94
86
2
54
76
16
14
75
5
