80
57
23
9
63
70
50
60
1
93
43
49
51
5
17
16
18
20
22
22
93
32
28
90
77
60
98
5
83
35
62
77
57
66
88
4
69
20
31
41
41
31
4
16
11
1
99
80
18
12
21
15
26
18
90
41
22
56
82
81
15
83
59
28
99
81
5
8
92
44
83
89
48
26
87
95
36
27
38
47
71
31
68
73
41
88
74
85
17
71
7
24
41
24
41
84
75
55
97
33
12
38
9
62
20
75
62
66
18
42
94
10
79
5
97
35
38
75
26
32
21
51
71
38
24
80
28
68
35
90
53
82
5
81
2
26
85
90
4
95
75
41
9
36
36
20
15
14
95
3
83
72
58
30
61
35
90
76
43
100
19
23
42
20
9
8
77
66
89
100
24
62
89
83
88
87
7
88
95
18
8
89
35
38
68
39
13
27
3
10
94
42
10
69
8
35
26
94
80
98
39
39
55
99
27
61
25
60
2
86
38
33
60
28
79
91
100
7
64
24
56
57
59
60
22
50
89
62
39
67
39
48
83
98
65
83
67
89
38
27
94
42
4
15
49
57
15
75
80
64
5
48
77
20
99
72
68
89
17
6
20
20
51
51
4
48
86
30
2
64
82
73
30
64
28
21
25
100
16
88
44
41
5
90
57
76
37
71
1
11
62
20
19
55
90
86
53
13
16
47
99
97
38
73
28
80
1
30
12
29
60
42
13
48
62
21
1
74
65
30
40
96
6
62
41
67
79
43
2
88
85
16
38
45
6
18
56
66
22
21
42
70
76
83
69
27
21
94
29
60
29
92
20
66
47
87
84
61
32
58
76
13
12
29
97
34
24
41
79
1
5
10
74
79
36
40
74
15
13
86
72
15
99
61
95
17
9
70
11
75
47
47
14
59
13
12
11
6
70
66
82
86
77
23
68
81
100
62
35
15
68
13
56
40
28
68
73
5
25
93
30
29
22
94
97
59
50
22
71
99
100
61
96
70
65
58
39
79
31
37
87
15
31
74
49
68
26
88
63
16
43
68
84
13
45
2
25
21
66
40
74
38
36
55
83
90
23
15
29
50
34
29
28
94
44
55
77
83
47
85
87
98
5
28
19
57
10
77
93
47
55
6
54
22
11
44
14
80
92
58
96
96
91
1
75
16
82
56
2
41
92
31
49
88
43
86
66
42
74
83
75
38
82
29
67
83
88
50
56
49
75
57
78
39
93
25
99
30
14
17
32
52
23
26
4
4
23
14
32
3
36
92
45
43
92
25
39
55
35
8
25
54
78
32
43
3
96
76
95
77
75
11
85
90
90
56
100
71
28
15
19
94
86
42
70
55
7
44
93
19
77
92
13
25
83
68
74
99
65
79
75
4
92
20
81
67
43
8
51
6
38
43
83
41
66
1
72
13
77
94
66
47
46
41
9
88
27
60
67
83
83
23
38
99
14
47
49
12
69
71
14
6
74
44
85
9
35
47
32
51
23
94
100
30
3
83
36
43
57
86
98
74
58
25
55
48
45
53
9
73
86
21
24
50
70
56
100
62
46
45
94
93
20
51
11
76
86
23
39
3
75
18
53
86
93
88
14
88
35
70
99
30
4
95
81
6
68
51
24
2
89
74
5
93
31
48
71
19
43
65
83
39
47
28
13
40
93
40
43
40
51
41
90
73
27
18
53
56
2
69
64
25
1
63
26
20
1
41
72
83
21
61
75
31
22
26
66
37
66
92
99
84
97
50
56
19
47
44
69
6
94
96
16
79
8
10
62
93
92
70
34
24
7
13
99
34
5
44
47
59
24
83
90
76
20
65
29
67
8
93
85
53
84
17
29
4
59
19
93
5
19
39
29
71
92
35
96
12
29
61
4
60
40
41
53
56
22
41
40
51
73
25
83
65
51
63
83
6
7
91
54
60
8
11
54
83
52
8
82
70
86
74
44
100
37
2
94
69
68
70
27
43
69
88
53
5
59
14
83
82
62
75
2
71
74
86
75
4
89
53
47
25
9
8
49
44
56
100
87
14
77
99
80
98
9
16
89
60
67
24
8
58
65
31
17
16
99
27
54
23
72
59
92
96
83
92
35
88
50
95
11
89
60
12
18
16
23
74
35
20
75
28
20
20
39
53
96
74
90
77
73
78
87
27
64
94
23
85
20
5
24
8
58
90
65
79
83
75
91
33
3
77
24
69
24
19
60
26
73
62
25
39
81
58
22
90
98
84
23
42
82
39
26
21
84
46
45
39
75
4
61
32
7
8
54
82
34
80
12
93
68
26
4
95
84
41
83
72
14
40
48
75
6
68
33
92
14
95
33
46
24
63
83
22
98
93
14
24
13
79
46
14
20
68
53
33
7
9
34
19
97
38
55
65
81
6
21
70
65
81
37
3
83
2
20
19
43
57
47
44
97
92
56
11
92
23
22
21
82
11
75
22
89
59
54
48
68
60
19
80
53
35
20
2
100
12
85
91
