89
57
33
54
36
99
89
25
11
32
3
5
69
24
72
66
18
7
4
62
49
66
65
26
81
4
23
1
32
88
39
91
13
10
51
22
86
32
17
31
16
96
50
62
90
27
82
32
3
60
11
10
75
53
64
42
99
58
47
19
43
58
7
39
81
75
22
76
78
51
2
79
70
29
8
70
96
99
84
40
100
32
76
80
21
5
85
85
62
37
43
63
33
22
15
60
17
93
41
42
68
98
2
18
99
46
14
81
29
2
50
56
69
34
41
9
72
15
66
62
1
13
1
12
64
61
57
66
14
62
55
38
11
83
88
84
75
59
88
17
57
44
89
89
67
58
7
7
37
77
76
25
16
55
54
97
98
89
13
12
72
99
69
69
88
27
52
22
67
85
97
8
25
75
9
72
83
71
59
58
59
69
33
46
81
31
95
69
30
62
1
68
6
11
74
25
84
65
79
20
29
63
94
95
90
75
75
34
2
22
37
57
43
59
6
24
61
83
39
41
52
70
22
28
46
40
47
48
17
27
39
48
67
69
14
9
41
100
68
84
92
34
5
59
49
7
19
57
92
29
37
56
80
50
56
78
66
54
93
44
27
62
85
38
38
35
87
18
41
11
30
22
79
26
25
4
73
62
83
55
73
11
50
90
42
18
76
97
17
65
15
34
21
59
88
6
7
20
43
25
58
46
22
73
13
47
90
18
93
47
18
80
38
72
100
34
70
30
66
66
38
43
36
98
34
30
98
48
98
45
15
13
8
6
51
13
74
60
86
87
27
96
22
29
66
17
66
100
100
70
42
92
42
59
100
49
7
91
31
94
27
58
79
12
40
86
75
77
42
56
97
35
99
40
12
80
60
9
39
43
100
25
29
38
100
41
20
43
67
71
51
30
24
55
76
32
9
28
66
2
37
97
4
98
97
77
38
61
80
84
32
82
24
64
14
53
61
22
29
76
15
49
4
83
78
84
86
98
84
34
83
84
86
75
64
94
72
4
5
55
79
66
28
53
20
56
34
49
1
15
62
71
14
98
51
39
41
45
70
62
16
17
63
68
52
52
86
51
27
15
15
68
2
53
8
16
99
37
70
35
37
17
82
28
64
82
89
3
41
64
91
87
2
78
23
54
49
25
78
73
29
29
12
34
63
33
68
52
7
22
19
18
62
81
99
45
65
70
47
35
75
56
74
15
52
33
25
41
1
94
37
18
9
11
14
74
96
27
88
17
46
66
15
18
91
98
12
83
84
9
10
74
12
96
37
29
43
59
77
94
20
7
30
80
5
11
88
70
30
35
43
35
25
26
10
45
73
40
55
28
79
16
46
37
16
29
41
85
69
32
47
79
8
93
32
31
47
28
40
40
83
