30
19
3
79
56
84
20
17
69
14
50
8
74
36
95
8
70
69
66
39
67
56
29
33
40
77
81
17
39
71
31
22
22
12
90
93
8
10
9
96
44
94
34
77
57
89
55
53
13
7
53
27
35
76
65
77
67
76
66
1
84
87
96
56
22
58
30
47
88
87
89
88
97
10
75
8
30
77
52
78
88
87
91
18
25
79
61
8
15
11
53
10
30
66
16
23
86
12
97
82
83
71
20
58
100
77
10
23
9
88
33
72
64
47
85
27
85
75
30
68
65
67
94
88
83
13
3
68
29
98
21
46
31
3
59
45
25
50
67
31
43
95
96
72
85
2
70
97
71
11
18
40
56
30
89
22
36
65
66
60
29
77
95
98
9
68
38
31
84
1
79
17
95
11
62
63
78
30
99
86
76
24
71
75
73
43
38
88
6
95
25
66
81
34
80
95
49
55
50
13
16
63
80
71
3
27
92
24
60
50
10
36
29
86
37
18
87
47
87
8
57
86
35
15
12
50
92
90
32
89
14
64
47
87
12
94
62
55
4
61
100
51
9
6
11
16
16
98
31
4
93
42
80
69
84
56
56
63
88
67
53
46
36
63
69
92
82
78
52
19
52
22
45
46
73
65
75
23
39
56
36
21
81
67
81
9
17
78
45
54
39
57
61
27
31
49
69
63
63
60
16
72
97
46
75
86
26
35
25
3
77
59
42
50
88
